start=751.300000
volume=100.000000
