start=362.900000
volume=150.000000
