start=888.933333
volume=95.000000
