start=6196.133333
speed=1.210000
volume=100.000000
sub-visibility=no
