start=5106.000000
pause=yes
volume=185.000000
